20823226218940
81539517947312
154568
1756019977939764
95148725817883
427652208956529
85080617819356
143102505447185
43651
9423560921357
43860
42195
37667416840677
63117631434381
10876350366873
42212
154545
43648
128655728597826
884578721901
1756019826944820
139245373117612
104521904721337
356129007788319
728066716387083
388943430311194
128656030587714
193038655698
356050708480579
42207
153964
153980
523333862991803
1756019457846068
154045
154733
10734
39217
128655577602882
16033599516734
153285
726522843387178
48548196441190
42196
95148608377371
16033800843326
23568
154534
158751202014627
1885826212079
527988366048225
16032089567294
43130
154562
27971
1957028729459
871793669725466
193525194962
40678
12551
154589
43461
194498273490
39216
887366667488933
165866033389766
10737
42327
148831
154569
154560
32986
16031737245758
128655879592770
